11111111111111111111111111111111111
10000000000000000000000000000000001
10202000220020222022002200222222201
10022000222000222020202020202222201
10022220202222200020220200220220001
10202222000220022202222022002020001
10202202200002022202002220000222001
10200000202020200222000200000222201
10222200002220220022022020220220201
10200220222022002000022022222022001
10000220022000222202022202000000201
10022000202220022222002202200022001
10200000222002022022020222222202001
10022002220220222220000202020222001
10222022222002000202002202222200201
10200220000020022222022020020202201
10220222020200022220220200202022201
10000000000000000000000000000000001
10000000000000040000000000000000001
10000000000000000000000000000000001
10000000000000000000000000000000001
10000000000000000300000000000000001
10000000000000000000000000000000001
