17
16
13
7
2
-1
-1
2
7
13
16
18
19
19
16
10
5
3
4
8
13
15
15
14
12
9
8
8
9
11
12
12
11
9
9
10
12
11
9
6
6
9
14
16
15
11
6
4
5
9
15
18
18
15
9
6
6
9
13
14
12
9
7
8
11
13
12
10
9
9
11
14
15
13
9
6
6
9
14
16
15
11
7
6
8
13
15
14
10
7
7
10
14
15
13
10
6
5
7
11
16
18
17

13
8
3
1
2
6
11
17
20
20
17
11
4
0
-1
1
6
12
19
23
24
22
17
11
4
0
-1
1
6
12
19
23
24
22
17
11
4
0
-1
1
4
8
13
19
22
22
19
15
10
4
1
1
4
8
13
19
22
22
19
15
10
4
1
1
4
10
17
25
30
32
31
27
20
10
-1
-9
-14
-16
-15
-11
-4
6
17
25
30
32
31
27
20
10
-1
-9
-14
-16
-15
-11
-4
6
17
25
30
32
31
27
20
12
3
-3
-6
-6
-3
3
10
18
23
25
24
20
13
5
-2
-6
-7
-5
0
8
17
25
30
32
31
27
20
10
-1
-9
-14
-16
-15
-11
-4
6
17
27
34
38
39
37
32
24
13
1
-8
-14
-17
-17
-14
-8
1
11
22
30
35
37
36
32
27
21
14
6
1
-1
-2
-2
-1
1
4
8
13
16
18
19
19
18
16
13
9
4
2
1
1
2
4
7
11
16
20
21
21
20
18
15
11
6
2
1
3
6
10
15
21
26
28
27
23
16
9
3
-2
-4
-5
-5
-4
-2
3
11
19
25
28
28
25
20
16
13
11
9
6
4
1
-1
-2
-2
-1
1
2
4
7
9
12
16
21
27
32
34
33
29
22
12
1
-9
-16
-20
-21
-19
-14
-6
5
19
32
42
49
53
54
52
47
39
28
14
-1
-15
-26
-34
-39
-41
-40
-36
-29
-19
-6
9
25
38
48
55
59
60
58
53
45
34
20
5
-9
-20
-28
-33
-35
-34
-30
-23
-13
0
15
29
40
48
53
55
54
50
43
33
20
4
-11
-23
-32
-38
-41
-41
-38
-32
-23
-11
4
20
33
43
50
54
55
53
48
40
29
15
0
-12
-21
-27
-30
-30
-27
-21
-12
0
13
25
34
40
43
43
40
34
27
19
10
0
-7
-11
-12
-10
-7
-3
2
8
15
23
28
30
29
27
24
20
15
9
2
-6
-11
-13
-12
-8
-1
7
16
26
35
41
44
44
41
35
26
14
1
-11
-20
-26
-29
-29
-26
-20
-11
1
16
30
41
49
54
56
55
51
44
34
21
5
-10
-22
-31
-37
-40
-40
-37
-31
-22
-10
5
21
34
44
51
55
56
54
49
41
30
18
5
-7
-16
-22
-25
-25
-22
-18
-13
-7
0
8
17
25
30
32
33
33
32
30
27
23
18
12
7
3
0
-2
-3
-3
-2
0
3
7
12
16
19
21
22
20
17
13
8
3
-1
-4
-6
-7
-7
-6
-4
0
7
15
22
28
33
37
40
42
43
43
40
34
25
15
4
-6
-15
-23
-30
-34
-35
-33
-28
-20
-9
5
20
34
45
53
58
60
59
55
48
38
25
9
-6
-18
-27
-33
-36
-36
-33
-27
-18
-8
3
13
22
30
37
41
42
40
37
33
28
22
17
13
10
8
7
7
6
4
1
-1
-2
-2
-1
-1
-2
-4
-5
-5
-4
-2
1
5
10
16
21
25
28
30
31
31
30
28
25
21
16
10
3
-5
-12
-18
-23
-25
-24
-20
-13
-5
4
14
25
37
48
58
67
73
76
76
73
67
58
46
31
15
-2
-18
-33
-47
-58
-66
-71
-73
-72
-68
-61
-51
-38
-22
-3
17
38
58
75
89
100
108
113
115
114
110
103
93
80
64
45
25
4
-16
-35
-51
-64
-74
-81
-85
-86
-84
-79
-71
-60
-46
-29
-11
8
28
49
67
82
94
103
109
112
112
109
103
94
82
67
49
30
10
-11
-31
-48
-62
-73
-81
-86
-88
-87
-83
-76
-66
-53
-37
-20
-2
17
37
54
68
79
87
92
94
93
89
82
74
65
55
44
32
19
5
-10
-22
-31
-37
-40
-40
-37
-33
-28
-22
-15
-7
2
12
23
35
46
54
59
61
60
56
49
41
32
22
11
-1
-14
-26
-37
-45
-50
-52
-51
-47
-40
-30
-17
-3
12
28
43
57
68
76
81
83
82
78
71
61
48
32
15
-3
-20
-36
-49
-59
-66
-70
-71
-69
-64
-56
-45
-31
-14
6
25
43
58
70
79
85
88
88
85
79
70
58
43
25
6
-12
-29
-43
-54
-62
-67
-69
-68
-64
-57
-47
-34
-20
-5
11
26
40
53
63
70
74
75
73
68
62
55
47
38
28
17
7
-2
-10
-17
-23
-26
-28
-29
-29
-28
-26
-23
-19
-14
-8
-3
1
4
6
9
13
18
24
29
33
36
38
39
39
38
38
37
35
32
28
23
17
10
2
-7
-15
-22
-28
-31
-31
-28
-22
-15
-7
2
12
23
35
48
60
69
75
78
78
75
